Call:
breakpoints.formula(formula = bond ~ 1, h = 0.05)

Breakpoints at observation number:
                                                                                                    
m = 1                                                   2800                                        
m = 2                                                        2837      3539                         
m = 3                                                        2837      3553                4433     
m = 4                          1409 1674                     2837      3539                         
m = 5                          1409 1674                     2837      3553                4433     
m = 6                          1409 1691      2190           2861      3553                4433     
m = 7                          1409 1691      2190           2862      3539      3949      4409     
m = 8    246                   1403 1691      2190           2862      3539      3949      4409     
m = 9    246         997       1423 1691      2190           2862      3539      3949      4409     
m = 10   246         997       1423 1691      2181      2690 2936      3516      3944      4409     
m = 11   246         997       1423 1691      2181      2690 2936 3182 3539      3949      4409     
m = 12   246     770 1016      1423 1691      2181      2690 2936 3182 3539      3949      4409     
m = 13   246     770 1016      1423 1691      2181      2690 2936 3182 3539      3949      4409 4655
m = 14   246     770 1016      1423 1691      2181 2427 2690 2936 3182 3539      3949      4409 4655
m = 15   246     685 931  1177 1423 1691      2181 2427 2690 2936 3182 3539      3949      4409 4655
m = 16   246     685 931  1177 1423 1691 1943 2189 2435 2690 2936 3182 3539      3949      4409 4655
m = 17   246     685 931  1177 1423 1691 1943 2189 2435 2690 2936 3182 3539      3935 4181 4427 4673
m = 18   246     685 931  1177 1423 1691 1943 2189 2435 2690 2936 3182 3441 3687 3933 4179 4425 4671
m = 19   246 492 738 984  1230 1476 1722 1968 2214 2460 2706 2952 3198 3444 3690 3936 4182 4428 4674

Corresponding to breakdates:
                                                                                                                     
m = 1                                                                                                                
m = 2                                                                                                                
m = 3                                                                                                                
m = 4                                                                                               0.28603329273244 
m = 5                                                                                               0.28603329273244 
m = 6                                                                                               0.28603329273244 
m = 7                                                                                               0.28603329273244 
m = 8    0.0499390986601705                                                                         0.284815265935851
m = 9    0.0499390986601705                                     0.202395452699959                   0.288875355257816
m = 10   0.0499390986601705                                     0.202395452699959                   0.288875355257816
m = 11   0.0499390986601705                                     0.202395452699959                   0.288875355257816
m = 12   0.0499390986601705                   0.156313438895656 0.206252537555826                   0.288875355257816
m = 13   0.0499390986601705                   0.156313438895656 0.206252537555826                   0.288875355257816
m = 14   0.0499390986601705                   0.156313438895656 0.206252537555826                   0.288875355257816
m = 15   0.0499390986601705                   0.139058059277304 0.188997157937475 0.238936256597645 0.288875355257816
m = 16   0.0499390986601705                   0.139058059277304 0.188997157937475 0.238936256597645 0.288875355257816
m = 17   0.0499390986601705                   0.139058059277304 0.188997157937475 0.238936256597645 0.288875355257816
m = 18   0.0499390986601705                   0.139058059277304 0.188997157937475 0.238936256597645 0.288875355257816
m = 19   0.0499390986601705 0.099878197320341 0.149817295980512 0.199756394640682 0.249695493300853 0.299634591961023
                                                                                                                    
m = 1                                                                            0.568412505075112                  
m = 2                                                                                              0.575923670320747
m = 3                                                                                              0.575923670320747
m = 4    0.339829476248477                                                                         0.575923670320747
m = 5    0.339829476248477                                                                         0.575923670320747
m = 6    0.343280552172148                   0.444579780755177                                     0.580795777507105
m = 7    0.343280552172148                   0.444579780755177                                     0.580998781973203
m = 8    0.343280552172148                   0.444579780755177                                     0.580998781973203
m = 9    0.343280552172148                   0.444579780755177                                     0.580998781973203
m = 10   0.343280552172148                   0.442752740560292                   0.546082013804304 0.596021112464474
m = 11   0.343280552172148                   0.442752740560292                   0.546082013804304 0.596021112464474
m = 12   0.343280552172148                   0.442752740560292                   0.546082013804304 0.596021112464474
m = 13   0.343280552172148                   0.442752740560292                   0.546082013804304 0.596021112464474
m = 14   0.343280552172148                   0.442752740560292 0.492691839220463 0.546082013804304 0.596021112464474
m = 15   0.343280552172148                   0.442752740560292 0.492691839220463 0.546082013804304 0.596021112464474
m = 16   0.343280552172148 0.394437677628908 0.444376776289078 0.494315874949249 0.546082013804304 0.596021112464474
m = 17   0.343280552172148 0.394437677628908 0.444376776289078 0.494315874949249 0.546082013804304 0.596021112464474
m = 18   0.343280552172148 0.394437677628908 0.444376776289078 0.494315874949249 0.546082013804304 0.596021112464474
m = 19   0.349573690621194 0.399512789281364 0.449451887941535 0.499390986601705 0.549330085261876 0.599269183922046
                                                                                                                    
m = 1                                                                                                               
m = 2                      0.718432805521721                                                                        
m = 3                      0.721274868047097                                                       0.899918798213561
m = 4                      0.718432805521721                                                                        
m = 5                      0.721274868047097                                                       0.899918798213561
m = 6                      0.721274868047097                                                       0.899918798213561
m = 7                      0.718432805521721                   0.801664636622006                   0.895046691027203
m = 8                      0.718432805521721                   0.801664636622006                   0.895046691027203
m = 9                      0.718432805521721                   0.801664636622006                   0.895046691027203
m = 10                     0.713763702801462                   0.800649614291514                   0.895046691027203
m = 11   0.645960211124645 0.718432805521721                   0.801664636622006                   0.895046691027203
m = 12   0.645960211124645 0.718432805521721                   0.801664636622006                   0.895046691027203
m = 13   0.645960211124645 0.718432805521721                   0.801664636622006                   0.895046691027203
m = 14   0.645960211124645 0.718432805521721                   0.801664636622006                   0.895046691027203
m = 15   0.645960211124645 0.718432805521721                   0.801664636622006                   0.895046691027203
m = 16   0.645960211124645 0.718432805521721                   0.801664636622006                   0.895046691027203
m = 17   0.645960211124645 0.718432805521721                   0.79882257409663  0.848761672756801 0.898700771416971
m = 18   0.645960211124645 0.698538367844093 0.748477466504263 0.798416565164434 0.848355663824604 0.898294762484775
m = 19   0.649208282582217 0.699147381242387 0.749086479902558 0.799025578562728 0.848964677222899 0.898903775883069
                          
m = 1                     
m = 2                     
m = 3                     
m = 4                     
m = 5                     
m = 6                     
m = 7                     
m = 8                     
m = 9                     
m = 10                    
m = 11                    
m = 12                    
m = 13   0.944985789687373
m = 14   0.944985789687373
m = 15   0.944985789687373
m = 16   0.944985789687373
m = 17   0.948639870077142
m = 18   0.948233861144945
m = 19   0.94884287454324 

Fit:
                                                                                                                     
m   0     1     2     3     4     5     6     7     8     9     10    11    12    13    14    15    16    17    18   
RSS 27996 19810 16925 14136 12753  9965  8968  8038  7527  6910  6760  6600  6575  6554  6551  6549  6549  6576  6803
BIC 22555 20869 20110 19240 18750 17552 17050 16527 16221 15817 15726 15624 15623 15624 15639 15655 15671 15709 15893
         
m   19   
RSS  7717
BIC 16531