 Optimal (m+1)-segment partition: 

Call:
breakpoints.formula(formula = beta1 ~ 1, h = 0.05)

Breakpoints at observation number:
                                                                                                   
m = 1                                                  2814                                        
m = 2            672                                   2829                                        
m = 3            672                                        2832      3524                         
m = 4                938      1495                          2832      3524                         
m = 5                938      1495                          2832      3521                     4619
m = 6                938      1495                          2832      3524                4361 4607
m = 7                917           1772      2115           2832      3524                4361 4607
m = 8    246     672               1773      2115           2832      3524                4361 4607
m = 9    246     660 959           1772      2115           2832      3524                4361 4607
m = 10   246     660 992      1489 1775      2115           2832      3524                4361 4607
m = 11   246     660 992      1489 1775      2115      2751 2997      3521                4361 4607
m = 12   246     660 992      1489 1775      2115      2751 2997      3521           4080 4359 4605
m = 13   246     660 992      1489 1775      2115      2751 2997      3521 3767      4080 4359 4605
m = 14   246     660 992      1489 1775      2115 2503 2751 2997      3521 3767      4080 4359 4605
m = 15   246     660 992      1489 1775      2115 2503 2751 2997 3256 3521 3767      4080 4359 4605
m = 16   246     660 995 1243 1489 1775      2115 2503 2751 2997 3256 3521 3767      4080 4359 4605
m = 17   246 492 738 995 1243 1489 1775      2115 2503 2751 2997 3256 3521 3767      4080 4359 4605
m = 18   246 492 738 995 1243 1489 1765 2011 2257 2503 2751 2997 3256 3521 3767      4080 4359 4605
m = 19   246 492 738 984 1230 1476 1722 1968 2214 2460 2706 2952 3198 3444 3690 3936 4182 4428 4674

Corresponding to breakdates:
                                                                                                                     
m = 1                                                                                                                
m = 2                                         0.136419001218027                                                      
m = 3                                         0.136419001218027                                                      
m = 4                                                           0.190418189200162                   0.30349167681689 
m = 5                                                           0.190418189200162                   0.30349167681689 
m = 6                                                           0.190418189200162                   0.30349167681689 
m = 7                                                           0.186155095412099                                    
m = 8    0.0499390986601705                   0.136419001218027                                                      
m = 9    0.0499390986601705                   0.133982947624848 0.194681282988226                                    
m = 10   0.0499390986601705                   0.133982947624848 0.201380430369468                   0.3022736500203  
m = 11   0.0499390986601705                   0.133982947624848 0.201380430369468                   0.3022736500203  
m = 12   0.0499390986601705                   0.133982947624848 0.201380430369468                   0.3022736500203  
m = 13   0.0499390986601705                   0.133982947624848 0.201380430369468                   0.3022736500203  
m = 14   0.0499390986601705                   0.133982947624848 0.201380430369468                   0.3022736500203  
m = 15   0.0499390986601705                   0.133982947624848 0.201380430369468                   0.3022736500203  
m = 16   0.0499390986601705                   0.133982947624848 0.201989443767763 0.25233455136013  0.3022736500203  
m = 17   0.0499390986601705 0.099878197320341 0.149817295980512 0.201989443767763 0.25233455136013  0.3022736500203  
m = 18   0.0499390986601705 0.099878197320341 0.149817295980512 0.201989443767763 0.25233455136013  0.3022736500203  
m = 19   0.0499390986601705 0.099878197320341 0.149817295980512 0.199756394640682 0.249695493300853 0.299634591961023
                                                                                                                    
m = 1                                                                            0.571254567600487                  
m = 2                                                                            0.574299634591961                  
m = 3                                                                                              0.574908647990256
m = 4                                                                                              0.574908647990256
m = 5                                                                                              0.574908647990256
m = 6                                                                                              0.574908647990256
m = 7    0.359723913926106                   0.429354445797808                                     0.574908647990256
m = 8    0.359926918392205                   0.429354445797808                                     0.574908647990256
m = 9    0.359723913926106                   0.429354445797808                                     0.574908647990256
m = 10   0.360332927324401                   0.429354445797808                                     0.574908647990256
m = 11   0.360332927324401                   0.429354445797808                   0.558465286236297 0.608404384896468
m = 12   0.360332927324401                   0.429354445797808                   0.558465286236297 0.608404384896468
m = 13   0.360332927324401                   0.429354445797808                   0.558465286236297 0.608404384896468
m = 14   0.360332927324401                   0.429354445797808 0.50812017864393  0.558465286236297 0.608404384896468
m = 15   0.360332927324401                   0.429354445797808 0.50812017864393  0.558465286236297 0.608404384896468
m = 16   0.360332927324401                   0.429354445797808 0.50812017864393  0.558465286236297 0.608404384896468
m = 17   0.360332927324401                   0.429354445797808 0.50812017864393  0.558465286236297 0.608404384896468
m = 18   0.358302882663419 0.408241981323589 0.45818107998376  0.50812017864393  0.558465286236297 0.608404384896468
m = 19   0.349573690621194 0.399512789281364 0.449451887941535 0.499390986601705 0.549330085261876 0.599269183922046
                                                                                                                    
m = 1                                                                                                               
m = 2                                                                                                               
m = 3                      0.715387738530248                                                                        
m = 4                      0.715387738530248                                                                        
m = 5                      0.714778725131953                                                                        
m = 6                      0.715387738530248                                                       0.885302476654486
m = 7                      0.715387738530248                                                       0.885302476654486
m = 8                      0.715387738530248                                                       0.885302476654486
m = 9                      0.715387738530248                                                       0.885302476654486
m = 10                     0.715387738530248                                                       0.885302476654486
m = 11                     0.714778725131953                                                       0.885302476654486
m = 12                     0.714778725131953                                     0.828258221680877 0.88489646772229 
m = 13                     0.714778725131953 0.764717823792123                   0.828258221680877 0.88489646772229 
m = 14                     0.714778725131953 0.764717823792123                   0.828258221680877 0.88489646772229 
m = 15   0.660982541615916 0.714778725131953 0.764717823792123                   0.828258221680877 0.88489646772229 
m = 16   0.660982541615916 0.714778725131953 0.764717823792123                   0.828258221680877 0.88489646772229 
m = 17   0.660982541615916 0.714778725131953 0.764717823792123                   0.828258221680877 0.88489646772229 
m = 18   0.660982541615916 0.714778725131953 0.764717823792123                   0.828258221680877 0.88489646772229 
m = 19   0.649208282582217 0.699147381242387 0.749086479902558 0.799025578562728 0.848964677222899 0.898903775883069
                          
m = 1                     
m = 2                     
m = 3                     
m = 4                     
m = 5    0.937677628907836
m = 6    0.935241575314657
m = 7    0.935241575314657
m = 8    0.935241575314657
m = 9    0.935241575314657
m = 10   0.935241575314657
m = 11   0.935241575314657
m = 12   0.93483556638246 
m = 13   0.93483556638246 
m = 14   0.93483556638246 
m = 15   0.93483556638246 
m = 16   0.93483556638246 
m = 17   0.93483556638246 
m = 18   0.93483556638246 
m = 19   0.94884287454324 

Fit:
                                                                                                                 
m   0         1         2         3         4         5         6         7         8         9         10       
RSS 203495030 149863695 135484443 123017901 113503049 108134363  98691822  94275211  91081010  86984923  84739488
BIC     66354     64864     64384     63926     63546     63325     62892     62683     62530     62321     62209
                                                                                             
m   11        12        13        14        15        16        17        18        19       
RSS  82502203  80389629  79349239  78448127  78085594  78009052  79321108  80655605  95487488
BIC     62094     61983     61936     61897     61891     61903     62002     62101     62950