	 Optimal (m+1)-segment partition: 

Call:
breakpoints.formula(formula = beta1 ~ 1, h = 0.05)

Breakpoints at observation number:
                                                                                                   
m = 1                                                  2814                                        
m = 2            672                                   2829                                        
m = 3            672                                        2832      3524                         
m = 4                938      1495                          2832      3524                         
m = 5                938      1495                          2832      3521                     4619
m = 6                938      1495                          2832      3524                4361 4607
m = 7                917           1772      2115           2832      3524                4361 4607
m = 8    246     672               1773      2115           2832      3524                4361 4607
m = 9    246     660 959           1772      2115           2832      3524                4361 4607
m = 10   246     660 992      1489 1775      2115           2832      3524                4361 4607
m = 11   246     660 992      1489 1775      2115      2751 2997      3521                4361 4607
m = 12   246     660 992      1489 1775      2115      2751 2997      3521           4080 4359 4605
m = 13   246     660 992      1489 1775      2115      2751 2997      3521 3767      4080 4359 4605
m = 14   246     660 992      1489 1775      2115 2503 2751 2997      3521 3767      4080 4359 4605
m = 15   246     660 992      1489 1775      2115 2503 2751 2997 3256 3521 3767      4080 4359 4605
m = 16   246     660 995 1243 1489 1775      2115 2503 2751 2997 3256 3521 3767      4080 4359 4605
m = 17   246 492 738 995 1243 1489 1775      2115 2503 2751 2997 3256 3521 3767      4080 4359 4605
m = 18   246 492 738 995 1243 1489 1765 2011 2257 2503 2751 2997 3256 3521 3767      4080 4359 4605
m = 19   246 492 738 984 1230 1476 1722 1968 2214 2460 2706 2952 3198 3444 3690 3936 4182 4428 4674

Corresponding to breakdates:
                                                                                                                     
m = 1                                                                                                                
m = 2                                         0.136419001218027                                                      
m = 3                                         0.136419001218027                                                      
m = 4                                                           0.190418189200162                   0.30349167681689 
m = 5                                                           0.190418189200162                   0.30349167681689 
m = 6                                                           0.190418189200162                   0.30349167681689 
m = 7                                                           0.186155095412099                                    
m = 8    0.0499390986601705                   0.136419001218027                                                      
m = 9    0.0499390986601705                   0.133982947624848 0.194681282988226                                    
m = 10   0.0499390986601705                   0.133982947624848 0.201380430369468                   0.3022736500203  
m = 11   0.0499390986601705                   0.133982947624848 0.201380430369468                   0.3022736500203  
m = 12   0.0499390986601705                   0.133982947624848 0.201380430369468                   0.3022736500203  
m = 13   0.0499390986601705                   0.133982947624848 0.201380430369468                   0.3022736500203  
m = 14   0.0499390986601705                   0.133982947624848 0.201380430369468                   0.3022736500203  
m = 15   0.0499390986601705                   0.133982947624848 0.201380430369468                   0.3022736500203  
m = 16   0.0499390986601705                   0.133982947624848 0.201989443767763 0.25233455136013  0.3022736500203  
m = 17   0.0499390986601705 0.099878197320341 0.149817295980512 0.201989443767763 0.25233455136013  0.3022736500203  
m = 18   0.0499390986601705 0.099878197320341 0.149817295980512 0.201989443767763 0.25233455136013  0.3022736500203  
m = 19   0.0499390986601705 0.099878197320341 0.149817295980512 0.199756394640682 0.249695493300853 0.299634591961023
                                                                                                                    
m = 1                                                                            0.571254567600487                  
m = 2                                                                            0.574299634591961                  
m = 3                                                                                              0.574908647990256
m = 4                                                                                              0.574908647990256
m = 5                                                                                              0.574908647990256
m = 6                                                                                              0.574908647990256
m = 7    0.359723913926106                   0.429354445797808                                     0.574908647990256
m = 8    0.359926918392205                   0.429354445797808                                     0.574908647990256
m = 9    0.359723913926106                   0.429354445797808                                     0.574908647990256
m = 10   0.360332927324401                   0.429354445797808                                     0.574908647990256
m = 11   0.360332927324401                   0.429354445797808                   0.558465286236297 0.608404384896468
m = 12   0.360332927324401                   0.429354445797808                   0.558465286236297 0.608404384896468
m = 13   0.360332927324401                   0.429354445797808                   0.558465286236297 0.608404384896468
m = 14   0.360332927324401                   0.429354445797808 0.50812017864393  0.558465286236297 0.608404384896468
m = 15   0.360332927324401                   0.429354445797808 0.50812017864393  0.558465286236297 0.608404384896468
m = 16   0.360332927324401                   0.429354445797808 0.50812017864393  0.558465286236297 0.608404384896468
m = 17   0.360332927324401                   0.429354445797808 0.50812017864393  0.558465286236297 0.608404384896468
m = 18   0.358302882663419 0.408241981323589 0.45818107998376  0.50812017864393  0.558465286236297 0.608404384896468
m = 19   0.349573690621194 0.399512789281364 0.449451887941535 0.499390986601705 0.549330085261876 0.599269183922046
                                                                                                                    
m = 1                                                                                                               
m = 2                                                                                                               
m = 3                      0.715387738530248                                                                        
m = 4                      0.715387738530248                                                                        
m = 5                      0.714778725131953                                                                        
m = 6                      0.715387738530248                                                       0.885302476654486
m = 7                      0.715387738530248                                                       0.885302476654486
m = 8                      0.715387738530248                                                       0.885302476654486
m = 9                      0.715387738530248                                                       0.885302476654486
m = 10                     0.715387738530248                                                       0.885302476654486
m = 11                     0.714778725131953                                                       0.885302476654486
m = 12                     0.714778725131953                                     0.828258221680877 0.88489646772229 
m = 13                     0.714778725131953 0.764717823792123                   0.828258221680877 0.88489646772229 
m = 14                     0.714778725131953 0.764717823792123                   0.828258221680877 0.88489646772229 
m = 15   0.660982541615916 0.714778725131953 0.764717823792123                   0.828258221680877 0.88489646772229 
m = 16   0.660982541615916 0.714778725131953 0.764717823792123                   0.828258221680877 0.88489646772229 
m = 17   0.660982541615916 0.714778725131953 0.764717823792123                   0.828258221680877 0.88489646772229 
m = 18   0.660982541615916 0.714778725131953 0.764717823792123                   0.828258221680877 0.88489646772229 
m = 19   0.649208282582217 0.699147381242387 0.749086479902558 0.799025578562728 0.848964677222899 0.898903775883069
                          
m = 1                     
m = 2                     
m = 3                     
m = 4                     
m = 5    0.937677628907836
m = 6    0.935241575314657
m = 7    0.935241575314657
m = 8    0.935241575314657
m = 9    0.935241575314657
m = 10   0.935241575314657
m = 11   0.935241575314657
m = 12   0.93483556638246 
m = 13   0.93483556638246 
m = 14   0.93483556638246 
m = 15   0.93483556638246 
m = 16   0.93483556638246 
m = 17   0.93483556638246 
m = 18   0.93483556638246 
m = 19   0.94884287454324 

Fit:
                                                                                                                 
m   0         1         2         3         4         5         6         7         8         9         10       
RSS 203495030 149863695 135484443 123017901 113503049 108134363  98691822  94275211  91081010  86984923  84739488
BIC     66354     64864     64384     63926     63546     63325     62892     62683     62530     62321     62209
                                                                                             
m   11        12        13        14        15        16        17        18        19       
RSS  82502203  80389629  79349239  78448127  78085594  78009052  79321108  80655605  95487488
BIC     62094     61983     61936     61897     61891     61903     62002     62101     62950
> bObj <- breakpoints(beta2 ~ 1, 
+                     h = 0.05)
> summary(bObj)

	 Optimal (m+1)-segment partition: 

Call:
breakpoints.formula(formula = beta2 ~ 1, h = 0.05)

Breakpoints at observation number:
                                                                                                    
m = 1                                         2252                                                  
m = 2                          1589           2223                                                  
m = 3                                         2252           2869 3115                              
m = 4                          1589           2252           2869 3115                              
m = 5    326                   1589           2252           2869 3115                              
m = 6    326                   1589           2252           2869 3115                          4605
m = 7    326         907       1451           2252           2869 3115                          4605
m = 8    326                   1589           2252           2868 3114 3374 3620 3866               
m = 9    326         907       1451           2252           2868 3114 3374 3620 3866               
m = 10   326                   1589           2252           2868 3114 3374 3620 3911 4266      4605
m = 11   326         907       1451           2252           2868 3114 3374 3620 3911 4266      4605
m = 12   326         907       1451      2005 2252           2868 3114 3374 3620 3911 4266      4605
m = 13   326         907       1451      1977 2223 2503      2868 3114 3374 3620 3911 4266      4605
m = 14   326         907       1451 1697 1977 2223 2503      2868 3114 3374 3620 3911 4266      4605
m = 15   326     725 971       1451 1697 1977 2223 2503      2868 3114 3374 3620 3911 4266      4605
m = 16   326 572     908  1200 1451 1697 1977 2223 2503      2868 3114 3374 3620 3911 4266      4605
m = 17   326 572     908  1200 1451 1697 1977 2223 2503      2868 3114 3374 3620 3866 4112 4359 4605
m = 18   284 530 776 1022 1268 1514 1760 2006 2252 2503      2868 3114 3374 3620 3866 4112 4359 4605
m = 19   246 492 738 984  1230 1476 1722 1968 2214 2460 2706 2952 3198 3444 3690 3936 4182 4428 4675

Corresponding to breakdates:
                                                                                                                     
m = 1                                                                                                                
m = 2                                                                                               0.322574096630126
m = 3                                                                                                                
m = 4                                                                                               0.322574096630126
m = 5    0.0661794559480308                                                                         0.322574096630126
m = 6    0.0661794559480308                                                                         0.322574096630126
m = 7    0.0661794559480308                                     0.184125050751117                   0.294559480308567
m = 8    0.0661794559480308                                                                         0.322574096630126
m = 9    0.0661794559480308                                     0.184125050751117                   0.294559480308567
m = 10   0.0661794559480308                                                                         0.322574096630126
m = 11   0.0661794559480308                                     0.184125050751117                   0.294559480308567
m = 12   0.0661794559480308                                     0.184125050751117                   0.294559480308567
m = 13   0.0661794559480308                                     0.184125050751117                   0.294559480308567
m = 14   0.0661794559480308                                     0.184125050751117                   0.294559480308567
m = 15   0.0661794559480308                   0.147178237921234 0.197117336581405                   0.294559480308567
m = 16   0.0661794559480308 0.116118554608201                   0.184328055217215 0.243605359317905 0.294559480308567
m = 17   0.0661794559480308 0.116118554608201                   0.184328055217215 0.243605359317905 0.294559480308567
m = 18   0.0576532683719042 0.107592367032075 0.157531465692245 0.207470564352416 0.257409663012586 0.307348761672757
m = 19   0.0499390986601705 0.099878197320341 0.149817295980512 0.199756394640682 0.249695493300853 0.299634591961023
                                                                                                                    
m = 1                                        0.457166057653268                                                      
m = 2                                        0.451278928136419                                                      
m = 3                                        0.457166057653268                                     0.582419813235891
m = 4                                        0.457166057653268                                     0.582419813235891
m = 5                                        0.457166057653268                                     0.582419813235891
m = 6                                        0.457166057653268                                     0.582419813235891
m = 7                                        0.457166057653268                                     0.582419813235891
m = 8                                        0.457166057653268                                     0.582216808769793
m = 9                                        0.457166057653268                                     0.582216808769793
m = 10                                       0.457166057653268                                     0.582216808769793
m = 11                                       0.457166057653268                                     0.582216808769793
m = 12                     0.407023954527    0.457166057653268                                     0.582216808769793
m = 13                     0.401339829476249 0.451278928136419 0.50812017864393                    0.582216808769793
m = 14   0.344498578968737 0.401339829476249 0.451278928136419 0.50812017864393                    0.582216808769793
m = 15   0.344498578968737 0.401339829476249 0.451278928136419 0.50812017864393                    0.582216808769793
m = 16   0.344498578968737 0.401339829476249 0.451278928136419 0.50812017864393                    0.582216808769793
m = 17   0.344498578968737 0.401339829476249 0.451278928136419 0.50812017864393                    0.582216808769793
m = 18   0.357287860332927 0.407226958993098 0.457166057653268 0.50812017864393                    0.582216808769793
m = 19   0.349573690621194 0.399512789281364 0.449451887941535 0.499390986601705 0.549330085261876 0.599269183922046
                                                                                                                    
m = 1                                                                                                               
m = 2                                                                                                               
m = 3    0.632358911896062                                                                                          
m = 4    0.632358911896062                                                                                          
m = 5    0.632358911896062                                                                                          
m = 6    0.632358911896062                                                                                          
m = 7    0.632358911896062                                                                                          
m = 8    0.632155907429963 0.68493706861551  0.73487616727568  0.784815265935851                                    
m = 9    0.632155907429963 0.68493706861551  0.73487616727568  0.784815265935851                                    
m = 10   0.632155907429963 0.68493706861551  0.73487616727568  0.793950466910272 0.866017052375152                  
m = 11   0.632155907429963 0.68493706861551  0.73487616727568  0.793950466910272 0.866017052375152                  
m = 12   0.632155907429963 0.68493706861551  0.73487616727568  0.793950466910272 0.866017052375152                  
m = 13   0.632155907429963 0.68493706861551  0.73487616727568  0.793950466910272 0.866017052375152                  
m = 14   0.632155907429963 0.68493706861551  0.73487616727568  0.793950466910272 0.866017052375152                  
m = 15   0.632155907429963 0.68493706861551  0.73487616727568  0.793950466910272 0.866017052375152                  
m = 16   0.632155907429963 0.68493706861551  0.73487616727568  0.793950466910272 0.866017052375152                  
m = 17   0.632155907429963 0.68493706861551  0.73487616727568  0.784815265935851 0.834754364596021 0.88489646772229 
m = 18   0.632155907429963 0.68493706861551  0.73487616727568  0.784815265935851 0.834754364596021 0.88489646772229 
m = 19   0.649208282582217 0.699147381242387 0.749086479902558 0.799025578562728 0.848964677222899 0.898903775883069
                          
m = 1                     
m = 2                     
m = 3                     
m = 4                     
m = 5                     
m = 6    0.93483556638246 
m = 7    0.93483556638246 
m = 8                     
m = 9                     
m = 10   0.93483556638246 
m = 11   0.93483556638246 
m = 12   0.93483556638246 
m = 13   0.93483556638246 
m = 14   0.93483556638246 
m = 15   0.93483556638246 
m = 16   0.93483556638246 
m = 17   0.93483556638246 
m = 18   0.93483556638246 
m = 19   0.949045879009338

Fit:
                                                                                                                 
m   0         1         2         3         4         5         6         7         8         9         10       
RSS 466814189 377246482 354083070 311552612 288769491 259024243 251490968 243993045 236794762 229296838 223425260
BIC     70444     69412     69117     68503     68146     67628     67499     67367     67237     67095     66985
                                                                                             
m   11        12        13        14        15        16        17        18        19       
RSS 215927336 213023008 210231679 209142109 208492140 208431089 214044730 225031598 253490831
BIC     66833     66784     66736     66727     66729     66744     66892     67156     67759