


Call:
breakpoints.formula(formula = beta0 ~ 1, h = 0.05)

Breakpoints at observation number:
                                                                                                   
m = 1                                                                                          4619
m = 2                         1390                                                             4619
m = 3            657          1380                                                             4619
m = 4            657          1384                                              3943      4502     
m = 5            657          1384                                              3943      4376 4622
m = 6            657          1391 1654      2277                               3868      4502     
m = 7            657          1391 1654      2277                               3943      4376 4622
m = 8            657          1391 1654      2279           2966                3945      4376 4622
m = 9            657          1391 1654      2279           2966      3525      3867      4376 4622
m = 10           657          1391 1654      2279           2966      3370 3616 3945      4376 4622
m = 11           659     1146 1392 1654      2279           2966      3370 3616 3945      4376 4622
m = 12           657          1391 1654      2210 2465 2714 2966      3370 3616 3945      4376 4622
m = 13           659     1146 1392 1654      2210 2465 2714 2966      3370 3616 3945      4376 4622
m = 14   322     657     1146 1392 1654      2210 2465 2714 2966      3370 3616 3945      4376 4622
m = 15   322     654 900 1146 1392 1654      2210 2465 2714 2966      3370 3616 3945      4376 4622
m = 16   322     654 900 1146 1392 1654 1936 2210 2465 2714 2966      3370 3616 3945      4376 4622
m = 17   322     654 900 1146 1392 1654 1936 2210 2465 2714 2966      3370 3616 3870 4116 4376 4622
m = 18   322     654 900 1146 1392 1654 1936 2210 2465 2711 2958 3204 3450 3696 3942 4188 4434 4680
m = 19   246 492 738 984 1230 1476 1722 1968 2214 2465 2711 2958 3204 3450 3696 3942 4188 4434 4680

Corresponding to breakdates:
                                                                                                                     
m = 1                                                                                                                
m = 2                                                                                               0.282176207876573
m = 3                                         0.133373934226553                                     0.280146163215591
m = 4                                         0.133373934226553                                     0.280958181079984
m = 5                                         0.133373934226553                                     0.280958181079984
m = 6                                         0.133373934226553                                     0.282379212342672
m = 7                                         0.133373934226553                                     0.282379212342672
m = 8                                         0.133373934226553                                     0.282379212342672
m = 9                                         0.133373934226553                                     0.282379212342672
m = 10                                        0.133373934226553                                     0.282379212342672
m = 11                                        0.133779943158749                   0.232643118148599 0.28258221680877 
m = 12                                        0.133373934226553                                     0.282379212342672
m = 13                                        0.133779943158749                   0.232643118148599 0.28258221680877 
m = 14   0.0653674380836378                   0.133373934226553                   0.232643118148599 0.28258221680877 
m = 15   0.0653674380836378                   0.132764920828258 0.182704019488429 0.232643118148599 0.28258221680877 
m = 16   0.0653674380836378                   0.132764920828258 0.182704019488429 0.232643118148599 0.28258221680877 
m = 17   0.0653674380836378                   0.132764920828258 0.182704019488429 0.232643118148599 0.28258221680877 
m = 18   0.0653674380836378                   0.132764920828258 0.182704019488429 0.232643118148599 0.28258221680877 
m = 19   0.0499390986601705 0.099878197320341 0.149817295980512 0.199756394640682 0.249695493300853 0.299634591961023
                                                                                                                    
m = 1                                                                                                               
m = 2                                                                                                               
m = 3                                                                                                               
m = 4                                                                                                               
m = 5                                                                                                               
m = 6    0.335769386926512                   0.462241169305725                                                      
m = 7    0.335769386926512                   0.462241169305725                                                      
m = 8    0.335769386926512                   0.462647178237921                                     0.602111246447422
m = 9    0.335769386926512                   0.462647178237921                                     0.602111246447422
m = 10   0.335769386926512                   0.462647178237921                                     0.602111246447422
m = 11   0.335769386926512                   0.462647178237921                                     0.602111246447422
m = 12   0.335769386926512                   0.448639870077142 0.500406008932196 0.550954120990662 0.602111246447422
m = 13   0.335769386926512                   0.448639870077142 0.500406008932196 0.550954120990662 0.602111246447422
m = 14   0.335769386926512                   0.448639870077142 0.500406008932196 0.550954120990662 0.602111246447422
m = 15   0.335769386926512                   0.448639870077142 0.500406008932196 0.550954120990662 0.602111246447422
m = 16   0.335769386926512 0.39301664636622  0.448639870077142 0.500406008932196 0.550954120990662 0.602111246447422
m = 17   0.335769386926512 0.39301664636622  0.448639870077142 0.500406008932196 0.550954120990662 0.602111246447422
m = 18   0.335769386926512 0.39301664636622  0.448639870077142 0.500406008932196 0.550345107592367 0.600487210718636
m = 19   0.349573690621194 0.399512789281364 0.449451887941535 0.500406008932196 0.550345107592367 0.600487210718636
                                                                                                                    
m = 1                                                                                                               
m = 2                                                                                                               
m = 3                                                                                                               
m = 4                                                          0.800446609825416                   0.91392610637434 
m = 5                                                          0.800446609825416                   0.88834754364596 
m = 6                                                          0.785221274868047                   0.91392610637434 
m = 7                                                          0.800446609825416                   0.88834754364596 
m = 8                                                          0.800852618757613                   0.88834754364596 
m = 9                      0.715590742996346                   0.785018270401949                   0.88834754364596 
m = 10                     0.684125050751117 0.734064149411287 0.800852618757613                   0.88834754364596 
m = 11                     0.684125050751117 0.734064149411287 0.800852618757613                   0.88834754364596 
m = 12                     0.684125050751117 0.734064149411287 0.800852618757613                   0.88834754364596 
m = 13                     0.684125050751117 0.734064149411287 0.800852618757613                   0.88834754364596 
m = 14                     0.684125050751117 0.734064149411287 0.800852618757613                   0.88834754364596 
m = 15                     0.684125050751117 0.734064149411287 0.800852618757613                   0.88834754364596 
m = 16                     0.684125050751117 0.734064149411287 0.800852618757613                   0.88834754364596 
m = 17                     0.684125050751117 0.734064149411287 0.785627283800244 0.835566382460414 0.88834754364596 
m = 18   0.650426309378806 0.700365408038977 0.750304506699147 0.800243605359318 0.850182704019488 0.900121802679659
m = 19   0.650426309378806 0.700365408038977 0.750304506699147 0.800243605359318 0.850182704019488 0.900121802679659
                          
m = 1    0.937677628907836
m = 2    0.937677628907836
m = 3    0.937677628907836
m = 4                     
m = 5    0.938286642306131
m = 6                     
m = 7    0.938286642306131
m = 8    0.938286642306131
m = 9    0.938286642306131
m = 10   0.938286642306131
m = 11   0.938286642306131
m = 12   0.938286642306131
m = 13   0.938286642306131
m = 14   0.938286642306131
m = 15   0.938286642306131
m = 16   0.938286642306131
m = 17   0.938286642306131
m = 18   0.950060901339829
m = 19   0.950060901339829

Fit:
                                                                                                                        
m   0        1        2        3        4        5        6        7        8        9        10       11       12      
RSS 94559334 67228195 61568602 48816689 42028238 39379261 36254749 33737761 31826747 30751780 29462111 29084774 28742557
BIC    62579    60915    60499    59373    58652    58349    57959    57621    57351    57199    57005    56958    56917
                                                                  
m   13       14       15       16       17       18       19      
RSS 28365221 28282389 28243125 28225845 28709836 30134882 35236057
BIC    56869    56871    56881    56895    56996    57252    58039